              precision     recall   f1-score    support

        Down     1.0000     0.8923     0.9431         65
        Left     0.9623     0.9000     0.9301        170
        Rest     0.8689     0.9728     0.9179        184
       Right     0.9500     0.8889     0.9184        171
          Up     0.9375     0.9375     0.9375         64
        down     0.9211     0.9130     0.9170        115
  fist_close     0.9223     0.9727     0.9468        183
          up     0.9375     0.9211     0.9292        114

    accuracy                           0.9287       1066
   macro avg     0.9374     0.9248     0.9300       1066
weighted avg     0.9310     0.9287     0.9287       1066
