              precision     recall   f1-score    support

        Down     1.0000     0.9077     0.9516         65
        Left     0.9618     0.8882     0.9235        170
        Rest     0.8211     0.9728     0.8905        184
       Right     0.9118     0.9064     0.9091        171
          Up     0.9242     0.9531     0.9385         64
        down     0.9541     0.9043     0.9286        115
  fist_close     0.9337     0.9235     0.9286        183
          up     0.9434     0.8772     0.9091        114

    accuracy                           0.9174       1066
   macro avg     0.9313     0.9167     0.9224       1066
weighted avg     0.9219     0.9174     0.9180       1066
