              precision     recall   f1-score    support

        Down     1.0000     0.9375     0.9677         64
        Left     0.9630     0.9341     0.9483        167
        Rest     0.8744     0.9721     0.9206        179
       Right     0.9467     0.9524     0.9496        168
          Up     1.0000     0.9365     0.9672         63
        down     0.9720     0.9204     0.9455        113
  fist_close     0.9497     0.9444     0.9471        180
          up     0.9550     0.9464     0.9507        112

    accuracy                           0.9455       1046
   macro avg     0.9576     0.9430     0.9496       1046
weighted avg     0.9475     0.9455     0.9458       1046
